0001000
0000000
0300000
0050000
0300020
0004000
0000000
0300305
0050500
0002000
0000000
0205020
0003000
0040000
0000300
5000005
0200020
4003004
0000000
0404040
0003000
0000500
0000000
4003000
0300040
0000000
0300030
0002000
0000000
0200020
0003000
0005000
0000000
0002000
0005000
0000000
0200020
4003004
0000000
0000000
0000000
0005000
0000000
0000000
0200300
0002000
0005000
0000000
0200020
4003004
0000000
0000600
0000000
0005000
0600000
0000000
0200300
0000000
0002000
0000000
0000000
0204030
0000000
0000060
0003000
0200020
0000000
2000002
0405040
0204030
0000000
0403000
0002000
0000060
0200020
0003000
0040000
0000300
5000000
0200020
4003004
0005000
0400040
0003000
0000500
0000000
4003060
0300040
0000000
0300030
0002000
0200020
0405040
5006005
0000000
0000000
0000000
0000000
0000000
0000000