0001000
0000000
0040000
0004000
0000030
0020000
0200000
0005000
0000020
0003000
0500000
0000030
0400040
0002000
4000000
0300040
0200000
0300000
0000004
0000300
0000005
2000070
0000040
0300000
0000030
0200000
0005000
0004000
0020000
3000000
0000030
0003000
0000030
4000000
0050000
0000200
0000030
0003000
0040000
0004000
0000300
0200000
0003000
0000500
0008004
0500000
2000000
0000050
0003000
0400000
0000002
0400000
0000030
0300000
0000004
0005000
2000000
0000030
4000000
0002000
0300000
0000002
0040000
0000400
2000000
0300000
0003000
0000040
0300000
0000300
0500000
0020000
0002000
0500000
0003000
0000040
0200000
0003000
0000002
0003000
0004000
0000040
0400000
0000500
0004000
0030000
3000000
0002000
5000000
0000200
0000000
0000000
0000000
0000000