0001000
0000000
0006000
0500030
0003000
0200000
0005000
0005000
0004000
0000000
0400040
0000500
0404000
0030300
0050000
0002000
6000000
0000500
0000000
0400040
0304030
0000000
0003000
0500000
0000030
0400040
0006000
0040000
0004000
0000002
0000000
0000600
4003000
0300000
0004060
0050000
5000080
0300030
4000000
0000600
0300030
0200020
0003070
0040300
0000000
0300030
0003000
0050000
0000000
0000030
0003000
0040000
0000000
7000300
0300040
0200020
0300030
4000004
0000300
6000005
0200020
4003000
0050500
0000500
0500000
0000000
0400050
0000000
0400040
0080000
0000500
0300300
0000000
0500000
0200300
0002000
0005000
0003000
0405040
0200000
0003000
0000000
0003000
0300030
0600000
0605000
0000000
0300030
4000004
0000000
0000000
0000000
0000000