0001000
0000000
0040000
0004000
0003000
0020000
0200030
0005000
0002000
0003000
0500000
0000030
0400040
0002000
4000000
0300040
0200020
0300030
4000004
0000300
0000005
0000000
0400040
0300030
0300030
0200000
0005000
0004020
0050000
5000000
0300030
0003000
0507030
4000000
0050000
0000000
0000030
0003000
0040000
0000000
0000300
0200020
4003000
0030500
0000500
0500000
0000800
0400050
0000000
0400040
0000000
0400040
0300030
0300030
0200000
0005000
0000000
0300030
4000000
0000000
0300030
0000002
0000000
0000400
4003000
0300000
0003000
0000000
0300000
0000300
0500070
0200300
0002000
0500000
0003000
0405040
0200000
0003000
0000000
0003000
0004000
0000040
0400000
0000500
0404000
0030300
0050000
0002000
5000000
0000500
0000000
0000000
0000000
0000000