0001000
0000000
0300030
0030300
0050000
0000030
0004000
0000000
0400040
0600040
0002000
6000000
0000500
0300030
0200020
0003000
0040600
0004000
0000002
0000000
0200000
0003000
0005000
0050000
5000000
0300030
4000007
0000600
0400040
0006000
0500060
0003000
0600000
0005000
0000000
0500000
0200300
0002000
0005000
0003000
0405040
0604000
0006000
0200020
0300030
4000004
0000300
6000005
0200020
4003000
0050500
0000500
0500080
0000000
0600050
0000000
0400040
0000000
0080500
0000600
4003000
0300000
0004060
7040000
0000000
0003000
0600000
0605000
0000000
0300030
4000004
0000000
0000600
0000000
0300300
0000000
0003000
0050000
0000000
0000030
0003000
0040007
0000000
0300030
0400040
0304030
0000000
0003000
0500000
0000000
0000000
0000000
0000000