0001000
0000000
0300030
4000004
0050500
0604060
0040000
0000000
0000000
0300300
0000000
0003000
0050000
0000000
0000030
0003000
0040000
0000000
0300030
0000000
0600500
0300030
0200020
0003000
0040600
0000300
6000005
0200020
4003000
0004000
0000002
0000000
0200000
0003000
0005000
0050000
0003000
0600000
0000500
0608000
0030300
0050000
0000030
0004000
0000008
0400040
0600040
0002000
6000000
5000000
0300030
4003000
8000600
0400040
0006000
0000000
0000500
0000600
4003000
0300000
0605000
0000007
0300030
4000004
8000000
0000600
0600000
0005000
0000000
0500050
0200300
0002000
0005000
0400040
0304030
0070000
0500060
0003000
0405040
0604000
0006007
0200020
0300030
0000000
0600060
0000000
0400040
0003000
0600000
0000000
0000000
0000000
0000000