0001000
0000000
0300030
0050080
0000030
0004000
0000000
0405040
0800000
0600500
0000000
0200020
0003007
0005000
0600040
0002000
6000000
5000000
0300030
4003004
0000600
0400040
0008000
0000500
7000600
4003000
0300040
0605000
0000000
0300030
4003004
0800000
0000600
0600000
0005000
0000000
0500050
0200300
0002000
0005000
0000000
0300030
4003004
0050500
0604060
0040000
0000700
0000000
0600060
0030300
0400040
0006000
0600060
0000000
0304030
0000000
0500060
0003000
0300030
0000000
0300305
0050000
0003000
0600060
0205020
0003000
0040600
0000300
6000005
0200020
4003004
0004000
0000002
0405040
0604060
0700000
0003000
0050600
0000000
0000030
0003000
0040000
0000000
0300030
0006000
0200020
0400040
5003005
0600000
0000000
0000000
0000000
0000000