0001000
0000000
0200000
0000000
0600020
0004000
0000000
0300305
0000000
0002000
0000000
0200020
0003000
0040000
0000300
5000000
0200020
4005004
0000000
0400040
0003000
0000500
0000000
4003000
0300040
0000000
0300030
0002000
0000000
0200020
0003000
0005000
0000000
0002000
0005000
0000000
0200020
4003004
0000000
0600060
0000000
0005000
0000000
0000000
0200300
0002000
0005000
0000000
0200020
4003004
0000000
0000000
0000000
0005000
0000000
0000000
0200300
0000000
0002000
0000000
0000000
0204030
0000000
0000000
0003000
0200020
0000000
2000002
0405040
0204030
0000000
0003000
0200020
0406040
0000000
0000000
0000000
0000000
0000000
0000000