0001000
0000000
0300030
0400040
0304030
0000007
0508060
0003000
0300030
0200020
0003000
0040600
7000300
6000005
0200020
4003004
0004000
0000002
0405040
0604060
0006008
0200020
0300030
4000004
0050500
0604060
0040000
8000000
0000000
0300300
0000000
0003000
0050000
0000000
0000030
0003000
0040000
0000000
0300030
0050000
0003008
0600060
0000000
0600060
0030300
0050000
0000030
0004000
0000000
0400040
0000000
0600500
0000000
0200000
0003000
0005000
0600040
0002000
6000000
5000000
0300030
4003004
0000600
0400040
0006000
0070000
0000500
0000600
4003000
0300000
0605000
0000000
0300030
4000004
0070000
0000600
0600000
0005000
0000000
0500050
0200300
0002000
0005000
0000000
0600060
0000000
0400040
5003000
0600000
0000000
0000000
0000000
0000000